0 0.34316037735849053 0.05648535564853556 0.35023584905660377 0.06903765690376569 0.35023584905660377 0.08368200836820083 0.3620283018867924 0.09205020920502091 0.3643867924528302 0.10669456066945605 0.3596698113207547 0.11297071129707112 0.3596698113207547 0.13389121338912133 0.37028301886792453 0.13807531380753138 0.38797169811320753 0.11924686192468618 0.3903301886792453 0.08577405857740585 0.4080188679245283 0.0899581589958159 0.43042452830188677 0.06485355648535564 0.4669811320754717 0.05439330543933054 0.4716981132075472 0.03556485355648535 0.4858490566037736 0.02092050209205021 0.4870283018867924 0.010460251046025104 0.46344339622641506 0.02719665271966527 0.45754716981132076 0.025104602510460247 0.4563679245283019 0 0.36556603773584906 0 0.35731132075471694 0.012552301255230124 0.33608490566037735 0.012552301255230124 0.33608490566037735 0.025104602510460247 0.347877358490566 0.03347280334728033 0.34316037735849053 0.05648535564853556
0 0.3584905660377358 0.13389121338912133 0.3738207547169811 0.15481171548117154 0.375 0.1422594142259414 0.3903301886792453 0.1422594142259414 0.39740566037735847 0.11715481171548116 0.4080188679245283 0.1317991631799163 0.4186320754716981 0.12970711297071127 0.41627358490566035 0.11715481171548116 0.4209905660377358 0.11087866108786609 0.4209905660377358 0.09205020920502091 0.43160377358490565 0.07322175732217573 0.4563679245283019 0.06485355648535564 0.45990566037735847 0.07322175732217573 0.4858490566037736 0.03556485355648535 0.4870283018867924 0 0.3278301886792453 0.0041841004184100415 0.3561320754716981 0.10669456066945605 0.3584905660377358 0.13389121338912133
0 0.5589622641509434 0.0397489539748954 0.6108490566037735 0.07531380753138074 0.6096698113207547 0.0899581589958159 0.5884433962264151 0.09205020920502091 0.5766509433962264 0.11715481171548116 0.5636792452830188 0.11715481171548116 0.5683962264150944 0.12970711297071127 0.5554245283018868 0.14016736401673638 0.5530660377358491 0.15481171548117154 0.5742924528301887 0.17782426778242677 0.6120283018867925 0.19665271966527195 0.6179245283018868 0.1694560669456067 0.6167452830188679 0.14853556485355648 0.6238207547169811 0.12761506276150628 0.625 0.06276150627615062 0.6356132075471698 0 0.5389150943396226 0.0020920502092050207 0.5377358490566038 0.014644351464435145 0.5424528301886792 0.012552301255230124 0.5589622641509434 0.0397489539748954
0 0.5507075471698113 0.023012552301255228 0.5518867924528301 0.03556485355648535 0.5955188679245282 0.06276150627615062 0.5884433962264151 0.08368200836820083 0.5719339622641509 0.08368200836820083 0.5742924528301887 0.11087866108786609 0.5660377358490566 0.1317991631799163 0.5459905660377359 0.14644351464435146 0.5495283018867925 0.1610878661087866 0.570754716981132 0.17364016736401672 0.5766509433962264 0.18619246861924685 0.5837264150943396 0.1820083682008368 0.6049528301886792 0.19874476987447698 0.6132075471698113 0.1924686192468619 0.6238207547169811 0.12761506276150628 0.6238207547169811 0.06694560669456066 0.6356132075471698 0 0.5318396226415094 0 0.535377358490566 0.014644351464435145 0.5507075471698113 0.023012552301255228
0 0.2134433962264151 0.41841004184100417 0.22169811320754715 0.4414225941422594 0.25471698113207547 0.48744769874476984 0.26179245283018865 0.48744769874476984 0.27594339622641506 0.46861924686192463 0.2783018867924528 0.4518828451882845 0.28891509433962265 0.44351464435146437 0.29245283018867924 0.42887029288702927 0.3018867924528302 0.4267782426778242 0.30542452830188677 0.4142259414225941 0.30306603773584906 0.36820083682008364 0.26179245283018865 0.2615062761506276 0.19339622641509432 0.36820083682008364 0.18867924528301885 0.3807531380753138 0.1945754716981132 0.39748953974895396 0.2134433962264151 0.41841004184100417
0 0.25589622641509435 0.48953974895397484 0.27594339622641506 0.4707112970711297 0.28066037735849053 0.4539748953974895 0.30424528301886794 0.4246861924686192 0.30778301886792453 0.40794979079497906 0.30306603773584906 0.36820083682008364 0.2936320754716981 0.35564853556485354 0.2830188679245283 0.305439330543933 0.26179245283018865 0.2615062761506276 0.25471698113207547 0.26569037656903766 0.18985849056603774 0.3744769874476987 0.18867924528301885 0.38702928870292885 0.205188679245283 0.4163179916317991 0.25589622641509435 0.48953974895397484
0 0.015330188679245283 0.3305439330543933 0.01768867924528302 0.34518828451882844 0.011792452830188678 0.3619246861924686 0.012971698113207546 0.38702928870292885 0.003537735849056604 0.403765690376569 0.012971698113207546 0.3953974895397489 0.01650943396226415 0.42050209205020916 0.015330188679245283 0.4351464435146443 0.008254716981132075 0.4351464435146443 0.003537735849056604 0.4456066945606694 0.01061320754716981 0.4518828451882845 0.014150943396226415 0.46652719665271963 0.01061320754716981 0.4728033472803347 0.009433962264150943 0.5146443514644351 0.018867924528301886 0.5146443514644351 0.02830188679245283 0.5397489539748953 0.045990566037735846 0.5292887029288702 0.05778301886792453 0.5690376569037656 0.08136792452830188 0.5857740585774058 0.09787735849056603 0.610878661087866 0.11084905660377357 0.6150627615062761 0.11674528301886793 0.6359832635983264 0.1285377358490566 0.6527196652719665 0.14858490566037735 0.6548117154811715 0.1497641509433962 0.6401673640167364 0.142688679245283 0.6380753138075314 0.14150943396226415 0.6276150627615062 0.142688679245283 0.610878661087866 0.1509433962264151 0.606694560669456 0.15212264150943397 0.5899581589958158 0.16273584905660377 0.5878661087866108 0.16391509433962265 0.5941422594142259 0.18160377358490565 0.6004184100418409 0.19221698113207547 0.5962343096234309 0.21698113207547168 0.5606694560669455 0.21816037735849056 0.5460251046025104 0.20636792452830188 0.5209205020920502 0.20872641509433962 0.4916317991631799 0.2205188679245283 0.4937238493723849 0.22169811320754715 0.4853556485355648 0.2275943396226415 0.4832635983263598 0.2193396226415094 0.4644351464435146 0.1804245283018868 0.42050209205020916 0.16863207547169812 0.3912133891213389 0.1025943396226415 0.28661087866108786 0.04952830188679245 0.18410041841004182 0.04363207547169811 0.1610878661087866 0.04363207547169811 0.11924686192468618 0.05778301886792453 0.07531380753138074 0.08372641509433962 0.03347280334728033 0.08726415094339622 0.018828451882845185 0.09198113207547169 0.018828451882845185 0.09198113207547169 0.012552301255230124 0.08372641509433962 0.008368200836820083 0.08490566037735849 0 0 0 0 0.3305439330543933 0.015330188679245283 0.3305439330543933
0 0.17099056603773585 0.35774058577405854 0.17806603773584906 0.35564853556485354 0.2511792452830189 0.23849372384937237 0.25 0.2238493723849372 0.2346698113207547 0.18828451882845187 0.21580188679245282 0.18828451882845187 0.1981132075471698 0.17573221757322174 0.1650943396226415 0.10878661087866108 0.13325471698113206 0.10460251046025104 0.10495283018867924 0.046025104602510455 0.07311320754716981 0.08786610878661087 0.05778301886792453 0.14016736401673638 0.06721698113207547 0.1820083682008368 0.08490566037735849 0.2196652719665272 0.17099056603773585 0.35774058577405854
0 0.17806603773584906 0.35774058577405854 0.19575471698113206 0.3179916317991632 0.20636792452830188 0.31171548117154807 0.20990566037735847 0.29707112970711297 0.2193396226415094 0.2928870292887029 0.22169811320754715 0.28033472803347276 0.2511792452830189 0.23640167364016734 0.23349056603773585 0.1903765690376569 0.20990566037735847 0.1903765690376569 0.1804245283018868 0.14644351464435146 0.17688679245283018 0.12552301255230125 0.15330188679245282 0.11087866108786609 0.12264150943396226 0.10878661087866108 0.11910377358490566 0.12761506276150628 0.11438679245283019 0.12552301255230125 0.10731132075471697 0.15481171548117154 0.08726415094339622 0.19456066945606693 0.08490566037735849 0.20920502092050208 0.16745283018867924 0.35564853556485354 0.17806603773584906 0.35774058577405854
0 0.08136792452830188 0.34518828451882844 0.0660377358490566 0.34518828451882844 0.0589622641509434 0.3619246861924686 0.0625 0.40167364016736395 0.05306603773584905 0.403765690376569 0.051886792452830184 0.49790794979079495 0.03773584905660377 0.49999999999999994 0.036556603773584904 0.5104602510460251 0.024764150943396224 0.5146443514644351 0.025943396226415092 0.5230125523012552 0.03419811320754717 0.5313807531380753 0.050707547169811316 0.5271966527196652 0.0589622641509434 0.5564853556485355 0.07429245283018868 0.5711297071129706 0.07429245283018868 0.5836820083682008 0.1025943396226415 0.610878661087866 0.11320754716981132 0.612970711297071 0.12735849056603774 0.6527196652719665 0.1497641509433962 0.6610878661087866 0.1509433962264151 0.6401673640167364 0.14504716981132074 0.6359832635983264 0.14504716981132074 0.612970711297071 0.1580188679245283 0.5983263598326359 0.18514150943396226 0.606694560669456 0.2193396226415094 0.5627615062761506 0.2193396226415094 0.5292887029288702 0.2122641509433962 0.5251046025104602 0.20990566037735847 0.50418410041841 0.23231132075471697 0.48744769874476984 0.1544811320754717 0.3744769874476987 0.15212264150943397 0.3619246861924686 0.1285377358490566 0.3326359832635983 0.12264150943396226 0.3138075313807531 0.10023584905660377 0.2928870292887029 0.0955188679245283 0.27615062761506276 0.07783018867924528 0.26778242677824265 0.07311320754716981 0.27824267782426776 0.07429245283018868 0.29916317991631797 0.08490566037735849 0.3075313807531381 0.08136792452830188 0.34518828451882844
0 0.5212264150943396 0.28870292887029286 0.517688679245283 0.2928870292887029 0.5200471698113207 0.3305439330543933 0.5153301886792453 0.3619246861924686 0.5294811320754716 0.41004184100418406 0.5294811320754716 0.4246861924686192 0.5389150943396226 0.43305439330543927 0.5283018867924528 0.4518828451882845 0.5341981132075472 0.48953974895397484 0.535377358490566 0.5564853556485355 0.5566037735849056 0.6004184100418409 0.5778301886792453 0.6317991631799162 0.5955188679245282 0.6401673640167364 0.6261792452830188 0.6171548117154811 0.7216981132075472 0.5836820083682008 0.7193396226415094 0.5585774058577405 0.7264150943396226 0.5523012552301255 0.7264150943396226 0.5439330543933054 0.7193396226415094 0.5397489539748953 0.7169811320754716 0.5188284518828451 0.7240566037735848 0.50836820083682 0.7193396226415094 0.48744769874476984 0.7252358490566038 0.4748953974895397 0.7181603773584906 0.4623430962343096 0.7240566037735848 0.45606694560669453 0.7252358490566038 0.4414225941422594 0.7193396226415094 0.4393305439330544 0.7205188679245282 0.43096234309623427 0.7087264150943396 0.41213389121338906 0.7075471698113207 0.39958158995815896 0.722877358490566 0.3849372384937238 0.705188679245283 0.3514644351464435 0.7134433962264151 0.3284518828451883 0.7275943396226415 0.33472803347280333 0.7299528301886792 0.29707112970711297 0.7216981132075472 0.2719665271966527 0.7275943396226415 0.2615062761506276 0.7287735849056604 0.2133891213389121 0.7252358490566038 0.20083682008368198 0.7299528301886792 0.18410041841004182 0.7275943396226415 0.16736401673640167 0.7216981132075472 0.1610878661087866 0.7287735849056604 0.14435146443514643 0.7216981132075472 0.13389121338912133 0.7287735849056604 0.11506276150627615 0.7193396226415094 0.08786610878661087 0.7216981132075472 0.05439330543933054 0.7016509433962264 0.05648535564853556 0.6981132075471698 0.04184100418410042 0.6780660377358491 0.0397489539748954 0.6639150943396226 0.06694560669456066 0.6591981132075472 0.08368200836820083 0.6662735849056604 0.10251046025104602 0.6639150943396226 0.12970711297071127 0.6509433962264151 0.15062761506276148 0.642688679245283 0.20920502092050208 0.6450471698113207 0.23640167364016734 0.6367924528301887 0.24476987447698742 0.6403301886792453 0.25732217573221755 0.6356132075471698 0.2615062761506276 0.6308962264150944 0.29079497907949786 0.6037735849056604 0.2824267782426778 0.6073113207547169 0.2510460251046025 0.5778301886792453 0.2238493723849372 0.5742924528301887 0.20920502092050208 0.5601415094339622 0.20083682008368198 0.5601415094339622 0.18828451882845187 0.5224056603773585 0.1820083682008368 0.5235849056603773 0.20920502092050208 0.517688679245283 0.2510460251046025 0.5212264150943396 0.25523012552301255 0.517688679245283 0.27824267782426776 0.5212264150943396 0.28870292887029286
0 0.6438679245283019 0.20920502092050208 0.6580188679245282 0.2238493723849372 0.6591981132075472 0.26569037656903766 0.6544811320754716 0.26987447698744765 0.6745283018867925 0.2740585774058577 0.7063679245283019 0.3075313807531381 0.7240566037735848 0.33682008368200833 0.7393867924528301 0.34728033472803344 0.7511792452830188 0.36820083682008364 0.7912735849056604 0.3953974895397489 0.7948113207547169 0.41004184100418406 0.8101415094339622 0.41841004184100417 0.8136792452830188 0.4351464435146443 0.8195754716981132 0.43305439330543927 0.830188679245283 0.4456066945606694 0.8384433962264151 0.46861924686192463 0.8714622641509434 0.502092050209205 0.8761792452830188 0.5209205020920502 0.9115566037735848 0.5543933054393305 0.9162735849056604 0.5711297071129706 0.9280660377358491 0.5836820083682008 0.9316037735849056 0.5753138075313807 0.9410377358490566 0.5753138075313807 0.945754716981132 0.5543933054393305 0.955188679245283 0.5543933054393305 0.9693396226415094 0.5376569037656903 0.9693396226415094 0.5167364016736401 0.9787735849056604 0.4832635983263598 0.9929245283018867 0.502092050209205 0.9988207547169811 0.4937238493723849 0.9988207547169811 0.05648535564853556 0.9952830188679245 0.02928870292887029 0.9563679245283019 0.02092050209205021 0.8549528301886792 0.023012552301255228 0.8525943396226415 0.04184100418410042 0.8561320754716981 0.0606694560669456 0.8502358490566038 0.0794979079497908 0.7370283018867925 0.08368200836820083 0.7252358490566038 0.08368200836820083 0.722877358490566 0.06276150627615062 0.7264150943396226 0.043933054393305436 0.7063679245283019 0.05230125523012552 0.6969339622641509 0.0397489539748954 0.6839622641509434 0.04184100418410042 0.6780660377358491 0.02928870292887029 0.6591981132075472 0.0815899581589958 0.6627358490566038 0.12970711297071127 0.6533018867924528 0.13598326359832635 0.6438679245283019 0.20920502092050208
0 0.7382075471698113 0.15481171548117154 0.7382075471698113 0.17782426778242677 0.7346698113207547 0.1820083682008368 0.7382075471698113 0.1924686192468619 0.7334905660377358 0.21548117154811713 0.7370283018867925 0.2238493723849372 0.7382075471698113 0.34728033472803344 0.7452830188679245 0.36820083682008364 0.7382075471698113 0.403765690376569 0.7464622641509434 0.4163179916317991 0.7393867924528301 0.43096234309623427 0.7382075471698113 0.45815899581589953 0.7382075471698113 0.5292887029288702 0.7429245283018867 0.5460251046025104 0.7382075471698113 0.5564853556485355 0.7405660377358491 0.5836820083682008 0.8172169811320754 0.5983263598326359 0.8761792452830188 0.5983263598326359 0.8808962264150944 0.5941422594142259 0.8797169811320754 0.5836820083682008 0.8584905660377358 0.5460251046025104 0.8726415094339622 0.5146443514644351 0.8974056603773585 0.5502092050209204 0.910377358490566 0.5543933054393305 0.9174528301886792 0.5774058577405857 0.9339622641509434 0.5878661087866108 0.945754716981132 0.5606694560669455 0.9693396226415094 0.5418410041841004 0.9740566037735848 0.5167364016736401 0.9858490566037735 0.4958158995815899 0.9929245283018867 0.502092050209205 0.9988207547169811 0.4937238493723849 0.9988207547169811 0.06485355648535564 0.9917452830188679 0.02928870292887029 0.8761792452830188 0.02092050209205021 0.8584905660377358 0.03138075313807531 0.8584905660377358 0.05439330543933054 0.8655660377358491 0.0606694560669456 0.8561320754716981 0.0815899581589958 0.8042452830188679 0.0794979079497908 0.7841981132075472 0.09205020920502091 0.7712264150943396 0.0794979079497908 0.7382075471698113 0.08368200836820083 0.7370283018867925 0.0899581589958159 0.7393867924528301 0.11715481171548116 0.7323113207547169 0.14644351464435146 0.7382075471698113 0.15481171548117154
0 0.5931603773584906 0.49790794979079495 0.6014150943396226 0.5146443514644351 0.633254716981132 0.5188284518828451 0.6356132075471698 0.5418410041841004 0.6627358490566038 0.5460251046025104 0.6780660377358491 0.5125523012552301 0.6851415094339622 0.5146443514644351 0.7075471698113207 0.49790794979079495 0.7075471698113207 0.4853556485355648 0.6910377358490566 0.4832635983263598 0.6922169811320754 0.4267782426778242 0.6933962264150944 0.4142259414225941 0.7028301886792453 0.41213389121338906 0.7063679245283019 0.41841004184100417 0.7063679245283019 0.39958158995815896 0.7146226415094339 0.3849372384937238 0.6992924528301887 0.35774058577405854 0.6922169811320754 0.3598326359832636 0.6804245283018868 0.3430962343096234 0.6757075471698113 0.3221757322175732 0.6533018867924528 0.3200836820083682 0.6509433962264151 0.29916317991631797 0.6450471698113207 0.2949790794979079 0.6226415094339622 0.3263598326359832 0.6084905660377359 0.3807531380753138 0.6014150943396226 0.4414225941422594 0.5872641509433962 0.49999999999999994 0.5931603773584906 0.49790794979079495
0 0.517688679245283 0.3200836820083682 0.5200471698113207 0.33682008368200833 0.5141509433962264 0.3619246861924686 0.5318396226415094 0.41213389121338906 0.5306603773584906 0.4728033472803347 0.5365566037735849 0.4937238493723849 0.5330188679245282 0.49999999999999994 0.5448113207547169 0.5230125523012552 0.5436320754716981 0.5292887029288702 0.5530660377358491 0.5376569037656903 0.5542452830188679 0.5209205020920502 0.5672169811320754 0.50836820083682 0.5825471698113207 0.4456066945606694 0.5896226415094339 0.38912133891213385 0.5943396226415094 0.3828451882845188 0.6061320754716981 0.2510460251046025 0.5849056603773585 0.2405857740585774 0.580188679245283 0.22594142259414224 0.5566037735849056 0.20502092050209203 0.5530660377358491 0.19456066945606693 0.5271226415094339 0.19456066945606693 0.5224056603773585 0.18828451882845187 0.5247641509433962 0.22175732217573219 0.517688679245283 0.2510460251046025 0.5188679245283019 0.3075313807531381 0.5235849056603773 0.3179916317991632 0.517688679245283 0.3200836820083682
0 0.7629716981132075 0.5774058577405857 0.8160377358490566 0.5962343096234309 0.8455188679245282 0.5962343096234309 0.8549528301886792 0.5815899581589957 0.8691037735849056 0.5878661087866108 0.8419811320754716 0.5355648535564853 0.8231132075471698 0.5230125523012552 0.8148584905660377 0.50418410041841 0.8077830188679245 0.506276150627615 0.8030660377358491 0.4832635983263598 0.7948113207547169 0.4832635983263598 0.7877358490566038 0.49999999999999994 0.7889150943396226 0.5167364016736401 0.7629716981132075 0.5543933054393305 0.7464622641509434 0.5564853556485355 0.7452830188679245 0.5753138075313807 0.7535377358490566 0.5836820083682008 0.7629716981132075 0.5774058577405857